

AMProductVersion              : 4.18.26060.3008
AMEngineVersion               : 1.1.26060.3008
AntivirusSignatureVersion     : 1.455.137.0
AntivirusSignatureLastUpdated : 14/07/2026 06:32:49
NISSignatureVersion           : 1.455.137.0
NISEngineVersion              : 1.1.26060.3008



